{
    "train": {
        "R_square": -0.1717731710668935,
        "MAE": 3.500220537185669,
        "MAPE": 1147.415771484375,
        "RMS": 7.059237957000732
    },
    "valid": {
        "R_square": -0.1817800922438566,
        "MAE": 3.2325081825256348,
        "MAPE": 361.3027648925781,
        "RMS": 6.016037940979004
    },
    "test": {
        "R_square": -0.19306392761099733,
        "MAE": 3.5084545612335205,
        "MAPE": 1710.8426513671875,
        "RMS": 6.673848628997803
    }
}