{
    "train": {
        "R_square": 0.940448050812108,
        "MAE": 0.8607258796691895,
        "MAPE": 57.95920944213867,
        "RMS": 1.5914170742034912
    },
    "valid": {
        "R_square": 0.8829480277367574,
        "MAE": 1.0840128660202026,
        "MAPE": 65.45661926269531,
        "RMS": 1.8933531045913696
    },
    "test": {
        "R_square": 0.8831350007433934,
        "MAE": 1.120642900466919,
        "MAPE": 61.15816879272461,
        "RMS": 2.0887513160705566
    }
}